56307 2452284.678997 0.000011
56308 2452284.741363 0.000017
98482 2454914.832280 0.000012
98483 2454914.894663 0.000014
98514 2454916.827926 0.000017
98560 2454919.696603 0.000017
98577 2454920.756784 0.000016
98607 2454922.627668 0.000016
98608 2454922.690017 0.000010
98609 2454922.752365 0.000010
98610 2454922.814727 0.000011
98850 2454937.781831 0.000016
98851 2454937.844195 0.000012
98865 2454938.717285 0.000015
98866 2454938.779611 0.000010
98896 2454940.650507 0.000027
98897 2454940.712869 0.000011
98898 2454940.775243 0.000028
98899 2454940.837637 0.000024
98914 2454941.773045 0.000014
98915 2454941.835408 0.000025
98928 2454942.646122 0.000011
98930 2454942.770852 0.000012
98931 2454942.833221 0.000012
98932 2454942.895591 0.000032
98945 2454943.706304 0.000010
98946 2454943.768653 0.000012
98947 2454943.831008 0.000017
99377 2454970.647033 0.000041
99378 2454970.709414 0.000042
99746 2454993.658926 0.000015
99826 2454998.647982 0.000023
99938 2455005.632601 0.000026
102028 2455135.970976 0.000023
102364 2455156.924900 0.000023
102365 2455156.987244 0.000020
102380 2455157.922708 0.000028
102397 2455158.982865 0.000024
102428 2455160.916107 0.000018
102429 2455160.978466 0.000016
102444 2455161.913906 0.000022
102445 2455161.976285 0.000027
102460 2455162.911738 0.000033
103150 2455205.942102 0.000014
103151 2455206.004463 0.000014
103166 2455206.939920 0.000012
103167 2455207.002308 0.000015
103197 2455208.873171 0.000016
103213 2455209.870977 0.000009
103214 2455209.933305 0.000018
103215 2455209.995687 0.000014
103263 2455212.989111 0.000019
103775 2455244.918892 0.000010
103776 2455244.981257 0.000018
103808 2455246.976864 0.000015
106096 2455389.663079 0.000022
